329102391.14013010
-636041750.63267827
671810042.50736856
-426337248.84792578
334811676.95643431
-144087889.58291218
138937369.98645240
-57285338.16661416
73726378.82056266
-32128505.82312557
56397939.79099593
-31899436.63803165
72372705.15555039
-54211597.97669178
135610307.98004463
-166510627.03852749
455632067.10873568
-763676287.38139403
1192347273.37562609
-1288983072.81521869
583605636.53600121
1725927894.49254370
63556793274.83116913
-3020215178.40245390
33311991541.37733078
966494455.70272160
1753040051.43898559
91274361.79225558
-80770428196.55351257
-77110543277.54794312
3487824914.43519258
96745356089.96128845
66167588811.35829926
-1961725343.21716356
-498990548.42943656
2001922151.73308682
-53189323.48663267
-98367857694.92750549
-41843548190.56162262
1979151633.84263062
83546136940.38546753
21376738152.76290131
-747161627.14890575
-340108816.98597854
709558615.29334271
-35306288.77739500
-65835992799.36705780
-11715771077.47894096
1010319718.36125660
49535734566.61038971
6460423691.26340580
-331537285.26421189
-71535221.32576823
235515179.65941706
-7372999.57957066
-35941975852.47338104
-4447509897.10927582
575293658.76920354
26943219120.64499283
3362701247.65862131
-181743134.37741834
-14786146.05716732
134697806.51112470
-1480588.02061000
-20799633922.33808899
-3126754158.74503851
444132771.07730174
19509642622.30022049
3362710824.30083799
-180330082.80317283
14611690.19287072
134636411.33977082
1274156.91975588
-20774997698.09400558
-4447527638.29264355
563273590.39892578
26703564974.08070755
6460453244.85831356
-307009398.58367795
71442719.74574678
235437712.50808585
6870023.73088133
-34982024907.70555878
-11715817772.44174194
973129238.50284088
44602453802.59610748
21376819243.17554855
-964812187.75918329
339921067.91780221
709989866.84197128
34332330.32747259
-51788543298.80038452
-41843711108.02795410
2993274639.63396072
45468477743.54241180
66167815726.95228577
-5070132667.60499573
497088322.12394202
2002942648.58746791
45053227.90896389
-28212022043.14683533
-77110826751.30488586
7967052447.68588257
1711084274.79912519
63557006224.27648926
-8928492599.54892731
-970015835.45511651
1752624020.53879142
-111577865.89985365
13801408817.33197403
3797753489.12843513
-617289110.75524664
16067446545.96479797
27893952693.03179550
1757245308.13093567
-37689106955.66473389
-34691445268.38867188
-1280075149.96781540
46147708829.41028595
29065162052.50054932
1075406164.45901585
-45655665152.25237274
-18761470579.02185059
-169035801.92816821
39548756316.19915771
9201282483.93607521
99744929.21556394
-30328068864.67502213
-5067469289.41230106
265884900.40194345
23668289375.23991776
2594720481.90713549
-59878454.70282216
-16487654308.29981232
-1816215731.77125859
206130705.22528169
13030799973.28725433
1294131752.90684891
-36283787.62631343
-9482202594.08364105
-1257406654.18694663
161583974.83232895
9482775118.38207245
1294133376.42147088
-35537401.95129103
-9470803768.73741722
-1816218911.87212157
200632287.47863439
12913501895.47068596
2594727875.16074800
-49421086.35516542
-16060563476.42528534
-5067502576.15835094
251250898.67453754
21467847429.33403397
9201386154.67929268
4623499.64637322
-24186059586.64152145
-18761833085.63109970
261570446.59503511
22893175382.96212769
29065723219.22978592
-207394240.39827347
-15444744008.88920593
-34692265959.68479156
581395906.07788336
4313905687.17402363
27894541681.39581680
-655500648.93849492
3231400833.19663763
255521511.93437803
-4847647095.81528950
41765332994.11508179
73282710063.76728821
12044584971.08670425
1126164954.21842122
2041368584.44075131
-46681018.32090380
-101728170423.07673645
-88646290683.91320801
-10168931792.98773384
121455023056.11999512
75287076722.70330811
7529114945.24331474
-594970923.05033398
2302277665.54309750
40986115.72221387
-123466210994.83078003
-46901997623.12672424
-2897963889.18953085
104259861953.85020447
22999278744.33457565
1184530493.96662879
-398106131.03376341
773312824.59027684
22948020.18783352
-82836791082.52156067
-12042512433.37927628
353337960.29227167
62557818746.66499329
6184297949.55843925
-38000577.50143594
-77627536.22841375
229509366.48883668
4771542.71243430
-45819817231.09152222
-4131351173.37681389
489175068.04420274
34496375738.45091248
3046381459.51871252
-44703294.37933145
-14426258.85046320
124636674.94913381
1172263.76561959
-26716431863.30937195
-2832574730.11230421
392627291.04484397
25084413519.48266983
3046380197.82496214
-42694221.05725126
14473492.39159831
124698576.12837313
-755339.13545714
-26689327654.05316162
-4131351555.27472115
475463034.76913148
34235837547.75590134
6184305684.76478767
-11287198.75093207
77607389.78969404
229667138.04434025
-4816205.11016456
-44783752880.41670227
-12042622325.64730644
313348003.50430733
57265325271.38430023
22999669217.94196701
957080969.43886995
398038204.04492456
773656290.34234154
-22469987.23186295
-67844529672.74605560
-46903263297.58429718
-1861157151.17726684
63613610779.39495087
75289465127.69058228
4335237613.49449539
593835209.43548298
2303017673.41190243
-27351797.21142686
-48545375623.53134918
-88649375866.57873535
-5607115510.12260532
18624620385.98358536
73285314026.33972168
5983858328.16251373
-1129592683.43137431
2040093615.52711654
74590871.34507123
2681923574.14606714
-2742271634.39804459
5752924470.72106934
9436129960.32010651
1822647689.26094437
-13545643413.39921570
-11864590475.85174942
-1685118334.52948284
16708085398.05602264
9737392895.86828995
1216159469.97133160
-16443703018.20429039
-6324534636.82943535
-524015167.07735574
14093582042.46994019
2975551361.43291330
207813743.09392735
-10824181807.84243202
-1618216966.67256236
24606268.08091192
8561849637.55147743
771457666.49186289
2164094.30282530
-5875261714.57964897
-539986317.79974926
61299139.34357977
4810088443.34999180
367377322.98917222
-3674621.05022822
-3375731114.03572798
-367142985.26443398
49787309.43607366
3525548626.77896309
367377246.06319404
-3465891.53638700
-3372233095.78514528
-539988753.38935935
59425792.38399432
4770104216.53996277
771459274.37257695
5361622.69081938
-5739534745.30448627
-1618236347.31822109
20174374.99683226
7857484897.21591663
2975606337.07132769
175012832.64171717
-8852894842.72009850
-6324682738.13743687
-381784108.00751710
8757501309.28450203
9737725515.20770454
801560490.11624861
-6743605837.27705574
-11864979711.67515564
-1086052377.22759748
2994143964.22061682
9436493430.86518669
1081212579.10477924
-25602075.43374012
-416497976.62479395
346724572.33604205
259130668.15441716
56669650.84814939
15728356.13386097
21406903.20965607
-12956896.85839551
-518357387.79679000
-510302037.33822429
-93290159.92359826
867698531.33637357
311360162.69847149
60632496.94665541
-5467035.84946824
26450251.13079353
5242943.67018037
-626093382.42645049
-308390416.43008965
-40426342.84341550
676676469.60414398
112196927.26731123
15405776.49041048
-4694442.98441583
9157293.89127391
4025978.16808335
-363056305.24203044
-86740946.51546375
-4329922.04111136
410131866.55269241
24028336.73052453
2072234.08275566
-948706.50127110
2509139.12959357
794431.12242223
-172059009.99170640
-25633517.74388588
813181.62551316
233942152.53419629
7542074.01646231
689164.35683353
-130514.87785111
1278980.72219928
128910.78685614
-86990355.18154824
-16391300.67184990
778558.55402293
173011679.75840262
7542379.00907153
708530.60961256
202701.44339468
1308643.41309139
-153190.60830427
-86680057.31830540
-25634219.89725025
701623.77566302
230669200.00944215
24028897.29593647
2200760.97135549
960101.73657336
2516483.03344043
-781605.03917384
-164310070.74044079
-86740910.93001001
-4174643.18569653
367191450.24133062
112194742.81405199
13413811.67014100
4788221.69216379
8658638.73189048
-4056109.08351606
-280507440.50462049
-308381916.40425420
-32200088.20388535
419535351.87327802
311353107.87107104
46320552.72948401
7491310.96059116
25325070.96644512
-6384606.61619163
-309122723.91802007
-510300043.00030088
-68288061.85362299
263721076.51889339
259142843.63865936
40333690.69113108
-11236863.77871096
22725750.97576905
10250186.36580744
-106265161.66899703
14107461.78357381
-79645291.86506903
-140908831.30327058
3844524.28459758
244167758.38276514
185282611.53215197
-11244346.96362780
-276247333.39419872
-146422805.17493099
9437340.72789146
287710870.36525118
99564726.11137436
-10462485.55452211
-223521337.40017682
-45071859.60870205
3002940.68500462
176832277.41916516
25474384.40677158
-3239468.51275893
-121526328.32793091
-11278283.60323703
253279.68218175
97787076.47052112
8407143.73796919
-1059558.49135658
-66856134.31738586
-5160371.96692527
-74024.13565534
59927250.92740848
5720861.65813564
-750841.92794250
-48510684.18074759
-5160296.27285636
-80016.75099054
59810017.39266730
8407039.59479170
-1020461.04493623
-66369078.29321504
-11278359.44538639
181081.62722773
94649747.00981312
25475680.39105982
-3156491.11371925
-104119843.90389171
-45075093.48282038
3653756.10432985
139790283.89992172
99573379.94861141
-13442888.75512656
-102664364.37051913
-146433220.39341095
17628205.49153770
108379076.37316158
185291798.56797850
-23154733.61725177
-10825006.76783560
-140910580.77013147
16998996.61764151
-33020605.81412563
46827772.41730164
-2603010.92691932
-42169750.38390648
-29903812.79074061
-267381.07193148
-5514853.64785969
-574950.04198318
-4209366.82925610
92095805.99194813
66064537.96759674
-10180792.44290280
-54158721.97344628
-35018545.27326139
3003372.86400121
-4600266.43981723
2293857.60254439
73777187.65633005
56892692.28109998
36163354.64020037
48502797.50777954
-19987130.63141351
-9428142.91888389
1031479.39564793
-1384931.14560751
848391.71454187
65392509.54194793
16093720.35251803
5345477.87368998
5398665.83829010
-4092267.46133191
353021.51982486
151893.21818862
-466142.50273620
136822.09593049
-881710.92359139
4628104.46215351
-908658.24722162
-11734510.53907079
-1157498.89690821
1097938.81561610
24265.89520528
-265683.56108515
30044.28338908
-17641194.20757664
2908939.66922635
-1082617.08823657
-9524831.38711791
-1157465.69425737
1097396.05797963
-44673.92544514
-261313.82952522
-26817.10667122
-17642835.45127981
4627967.65940940
-906227.57796267
-11658210.05381476
-4092333.96281732
349575.04950646
-241842.60793732
-563343.74217145
-177848.59418698
-1043258.75692138
16094871.31770858
5342580.02337481
6304927.58890338
-19989918.54457273
-9394397.79335659
-926778.47869082
-2271669.81707647
-757129.56758998
63545986.29672062
56905741.79874864
36002634.48855887
53386145.05628373
-54166914.29663940
-34757913.09760454
291216.32478469
-5977100.36754492
-49506.46150519
67397967.56005850
92105681.90790072
65606020.59286142
1665080.25627517
-42164450.02950836
-29565153.19802933
5083193.47147863
-3485665.59161799
3895655.06020923
-12176629.17727024
4083981.09258023
-1855853616.36168003
-3046525421.44497108
-2571347437.37184381
2120450559.96115351
3920327171.91875267
3177047756.19289732
-2142258746.17336273
-3161042772.06342888
-2443406898.73479891
-240583093.17627370
2097645563.68117285
1430632701.05819845
-5974296832.95807648
-967254306.86322415
-510469732.96519607
522053463.52065820
539495239.64673769
156051340.37858272
-3301948755.24785376
-249946266.63730592
-11829567.23008853
1121602248.33346534
181875398.13004100
-27403810.25980282
-1057805446.88023114
-118074353.37760511
16830102.41602290
807876481.15196419
124379024.12211919
-29627292.67182624
-614585713.36545587
-118074781.63720423
16829748.20244461
807897709.46705472
181875224.37482500
-27395183.34334216
-1057747330.89751184
-249943049.31652495
-11830659.24624626
1121712973.54035449
539477147.00482988
156120373.87421703
-3302149529.98305321
-967239670.79384339
-510577515.51866043
522919751.55161393
2097596308.93821549
1431015869.85091305
-5975240174.66917801
-3161066463.60165215
-2443940724.37435198
-236094032.11424422
3920433139.47528982
3177288164.42820501
-2148396645.84642363
-3046742792.19489956
-2571326093.90407324
2123879250.54320574
-1860492155.34299493
2549554230.23797083
4102196231.05127192
3411681985.62126303
1351886.23497270
421428375.35461712
58295529.86818646
-5508939250.04841614
-7722049225.21939278
-6225622398.45730782
9708192859.53596687
4756770507.16708279
3726605794.38724661
-235494755.61961615
343767515.32172710
-179959187.68198365
-8667191754.08192635
-4546062696.93279934
-3154082155.19520760
3706951482.78187180
1630666943.99417400
1001825203.58781111
-75523881.69606721
101571233.50128472
-67745039.71858574
-3869942219.94721937
-1261899263.93682790
-467090451.97289866
2142052865.41811609
358278155.79624498
70619723.89296299
-10234346.93932561
35341423.46209038
-10189449.81623571
-1305874990.09030914
-391468946.60436952
29625322.30759985
1984790760.63330054
121888911.59113325
-13374230.87077915
-1279272.50974709
20671196.11146039
-1440634.23013646
-636413529.25933278
-257436638.11157215
50612326.04843193
1660870977.38531399
121885431.07166107
-13374568.18867937
3712612.02920372
20289452.69658027
3118040.84166073
-636394808.48056602
-391461543.51135534
29595594.51733557
1984859432.38375545
358290901.40000474
70652725.80655456
17486871.22254810
42137397.85952776
14758452.15796056
-1305830179.87906218
-1262054046.61650014
-467316470.49350405
2142221467.13308716
1631021481.14098954
1002181580.48580384
65012763.54377003
166636437.60982957
61001579.90207069
-3869921941.94818783
-4547275068.81364250
-3154977416.50151491
3708368876.78101540
4757637044.66685390
3727277266.19228554
-31389563.21540348
447698493.84031260
11482596.06651264
-8666045934.26007843
-7722847595.41425514
-6225646784.95434380
9707132773.69676018
4101881086.56144047
3411029834.47738504
-390189138.88828486
270311034.64344746
-304459834.95985949
-5510925221.96160316
2547468866.57781124
81476555111.93522644
236796756875.18453979
199775085524.93902588
-220862333981.29623413
-288507478669.41491699
-233551703226.55593872
278530677420.87469482
243908345699.10910034
188122143053.07543945
-302738544834.29162598
-152747653669.48660278
-103836402820.48118591
183900752893.94876099
74274409078.74324036
38576728331.22121429
-186430352459.76519775
-38924255956.47452545
-10998435344.67766190
112660531883.11462402
19639818296.49206161
711182148.12546134
-96488371222.03611755
-13142289718.99145317
2016396719.91003013
73419366566.23110962
9562225639.45086479
-1409822441.04584002
-56147612655.85746765
-8966747995.97521400
2142407339.44968510
55870650419.11147308
9562219649.38596916
-1408581030.85607076
-56147592316.38751984
-13142189752.19053268
2016063785.60946345
73419430549.56036377
19639913258.72738266
716169118.22919202
-96488342169.73304749
-38925096844.29642487
-11001231586.66685295
112660547399.57476807
74276926595.06602478
38606462407.93411255
-186430817147.09045410
-152759530625.15463257
-103854974513.73515320
183902777199.96627808
243916420876.22506714
188181734788.26559448
-302738038378.36035156
-288519285232.87390137
-233555613461.46765137
278530350778.75646973
236799620239.05868530
199696324654.62341309
-220865865107.80438232
81474217142.06964111
662818765446.74609375
1801606561117.46459961
1520170140744.53613281
27232907100.75299454
50053436436.22931671
3068066448.01140118
-1637682754277.39672852
-2190079804870.27514648
-1773791568347.37402344
1995822699146.14062500
1855589452529.91796875
1431588010090.96850586
-14821732660.70255470
56331683388.56894684
128405029.37813008
-2032860934815.03710938
-1160276510492.73950195
-789566063091.72546387
1621763780732.97216797
565648591334.43298340
293856959070.56994629
-9822868412.63622284
18829309612.47531509
-546719836.73867989
-1307343354817.94287109
-295693250615.23498535
-83817194383.16397095
971200259980.16601562
149477250481.03506470
5455540238.85673237
-1896889216.57982206
5491633683.23871899
-141720527.97062516
-733723822361.68579102
-99671144482.12658691
15318922415.55720901
560796448502.33154297
72700480592.43228149
-10713519990.37645149
-345121994.37022454
2945912143.24888039
-29795896.53410382
-436700097948.48510742
-67948435173.58038330
16283506944.37442780
413798316015.86352539
72700488295.65348816
-10713300843.51419067
349804058.33576155
2945184927.97215843
11766069.43516337
-436700091475.89123535
-99671226475.86660767
15318699997.89210129
560796537381.95434570
149477936577.00811768
5456590569.38658333
1911450628.29548287
5505852274.98519135
88459231.65718077
-733723802580.52453613
-295697649932.16815186
-83820154611.75840759
971200597491.77331543
565660744932.54370117
293867985173.72332764
9801691836.86730385
18961291891.26197815
624759653.41328216
-1307344929925.55981445
-1160308434901.51611328
-789586454942.67248535
1621767679247.40112305
1855629262939.56835938
1431623306964.44604492
14294816728.64384079
56539107124.14239502
1837357048.72904325
-2032862458229.33959961
-2190116928604.55932617
-1773810408021.92822266
1995825345367.84497070
1801622312503.93896484
1520164695738.48803711
-27993940300.26262283
49751337799.13138580
-201458847.23310834
-1637689476700.68090820
662817635398.90075684
261333094050.59799194
719708160792.19433594
606816031222.63977051
-675132729504.02941895
-886051250374.83911133
-717306367543.27148438
849034327722.44628906
744298737706.50415039
574597118640.55725098
-888768425625.11596680
-471824745976.95556641
-321215689922.78460693
602981563014.28552246
227978636826.47213745
119173166072.52482605
-544875901025.67401123
-120738082139.95573425
-34723783043.81741333
361376177890.90264893
59897504147.46820831
2409306698.08183765
-289703542107.23919678
-40470267239.81655121
6089164496.18640327
224402895293.69464111
28871489089.15676498
-4292285609.35365152
-170489724588.78021240
-27518411302.85805511
6562632070.85795879
168996319916.86001587
28871491596.74794006
-4292148688.99426937
-170489706668.98138428
-40470290744.17631531
6089107226.50993443
224402963658.97488403
59897664561.41020203
2409913069.89855623
-289703510978.61029053
-120739013118.35224915
-34724340287.65180969
361376245047.24273682
227980984333.34225464
119176960682.24810791
-544876504983.55169678
-471830939253.04132080
-321219176187.03143311
602983781161.61254883
744305966722.00732422
574605085532.67956543
-888768003376.91552734
-886057777880.58752441
-717309355146.68420410
849034231338.30810547
719710425447.21069336
606810137865.94519043
-675136512371.01306152
261330877857.32135010
764722499886.41784668
2078843153526.80395508
1753412036637.34326172
32469126315.72393036
58568539234.89015961
1388956262.67123508
-1892814462026.75610352
-2530696070315.98779297
-2049226169503.17822266
2310161108542.33691406
2144616623289.76416016
1654577091184.17065430
-17068357896.97314453
66355255971.42634583
1021669274.93734765
-2349261565381.86425781
-1343059270439.26464844
-913923999481.33544922
1857255035821.11621094
654915434780.33032227
340206143103.98803711
-11556145143.03031349
22256558648.85242462
58288377.56142366
-1491943596062.02026367
-342573023690.01641846
-97233663232.50505066
1103618762711.87451172
172776567545.97216797
6123776662.19845009
-2248631479.95289755
6466579037.66345215
-23760813.18716027
-834304578054.33239746
-115168763240.51518250
17797026705.59689331
638821030188.83142090
83812941937.10838318
-12593433438.92325974
-409319218.49956697
3455556336.96293449
-8815580.62023519
-497212439106.65783691
-78412409744.19996643
18919549560.25910187
471997580161.75091553
83812948158.91363525
-12593432383.03144455
409260132.62435830
3455577714.99118137
-10145750.09111429
-497212441003.63238525
-115168779561.95938110
17797004911.56113815
638821041261.40637207
172776590238.41528320
6123793176.62015533
2248295618.25439024
6466134932.32001686
-30877603.23194103
-834304594107.86242676
-342573049174.06250000
-97233784379.19886780
1103618864465.52465820
654915467084.10339355
340206199327.01342773
11557048351.60349655
22252324582.59552002
20681727.48058427
-1491943852469.82031250
-1343059137178.38842773
-913924171560.58862305
1857255488753.68627930
2144616815117.96777344
1654576767126.26757812
17086555450.21908379
66348319095.22203827
963725077.00859749
-2349261910723.45263672
-2530696371497.18994141
-2049225529011.09155273
2310161586976.63525391
2078843830792.99194336
1753411507186.23876953
-32441993297.62539673
58578603502.35066223
1496837917.62325406
-1892815201714.56982422
764722606226.94067383
255802733614.56021118
710057512638.71228027
598536475614.98339844
-668240959928.21972656
-875070331971.32031250
-708303086527.44958496
843674036200.42578125
734630780031.21374512
567127527722.67504883
-888026344589.79089355
-466259334740.55725098
-317345142176.56469727
582982716085.83386230
225130067883.77038574
117641983418.18353271
-538189179404.23474121
-119358214021.36842346
-34295503501.51111221
348335212156.16510010
59111273414.49875641
2322887942.70855427
-283163773356.27862549
-39978016853.02243805
6042002197.12431622
219535823228.76696777
28464950229.47249222
-4281459322.61825466
-166448230226.62994385
-27174122242.37910461
6506375666.31532574
166030560977.52420044
28464950677.85823441
-4281470692.29003000
-166448228456.27935791
-39978015571.76783752
6042015305.19645500
219535827428.49685669
59111259977.44081116
2322839769.69871330
-283163778008.04187012
-119358127902.96118164
-34295407804.50364304
348335223664.36718750
225129830016.15353394
117641646798.42272949
-538189159288.62908936
-466258768415.64434814
-317344669549.28576660
582982760384.31689453
734630062061.56555176
567126704801.19348145
-888026284448.57226562
-875069734876.87854004
-708302842502.67370605
843673906780.48400879
710057289512.68103027
598537049181.67712402
-668241025686.15441895
255802571710.15335083
760726911257.96264648
2065766722220.96850586
1742421182997.74755859
32239616067.13937759
58185110061.01569366
1441725001.81261897
-1883194970337.54272461
-2514706928984.51757812
-2036340526745.76928711
2298668219372.51513672
2131069420953.03564453
1644228585455.95849609
-16964963490.96258736
65910484554.66363525
987794473.54895627
-2336967194952.59912109
-1334533819118.23510742
-908134063906.02600098
1846354635157.42431641
650762453713.69921875
338035169515.70550537
-11479865728.65950394
22106267232.24790192
38282569.68568904
-1482007944426.22460938
-340395278936.56127930
-96597403246.41444397
1096088406630.53649902
171687438878.84292603
6076128661.04867935
-2233513213.29278517
6423434033.19058990
-27375859.25449263
-828593569151.40673828
-114442248271.85327148
17684718950.31346893
634537200980.27929688
83288701293.25781250
-12516354183.63180923
-406580906.39069903
3432695334.98129177
-9457824.97364713
-493962329045.03118896
-77919479028.29130554
18799526874.09321976
468893840886.59729004
83288700957.40830994
-12516354519.40024948
406571096.02935857
3432694182.25186062
-9379068.81170941
-493962329100.58056641
-114442247129.59959412
17684721219.74674606
634537202063.06555176
171687436691.53128052
6076125726.96020412
2233520259.06560850
6423460699.14533138
-26965849.73672525
-828593570182.48229980
-340395271964.01110840
-96597388470.93505859
1096088410029.09106445
650762437225.96289062
338035150476.61834717
11479820854.80029297
22106522952.27644730
40504567.60997796
-1482007931851.55053711
-1334533794458.79101562
-908134020570.89111328
1846354600562.04687500
2131069355627.98950195
1644228577624.64477539
16963910465.79661369
65910897973.44836426
991326689.40928972
-2336967152722.00390625
-2514706862977.77343750
-2036340574930.91650391
2298668176929.53466797
2065766646032.64062500
1742421246541.67187500
-32241296138.68248367
58184502565.39463806
1435243386.43419647
-1883194913005.29760742
760726908556.22216797
256007938613.99996948
710166129585.15539551
598650218420.42675781
-668427515245.64709473
-875139721514.10742188
-708375209657.74755859
843468642884.99084473
734702528836.39953613
567185624736.47973633
-887789005089.17980957
-466268456410.68505859
-317369610800.46746826
583907619007.41149902
225137783599.22332764
117650982586.84516907
-538774719571.77545166
-119356719388.04927063
-34300324910.15548706
349051833554.85662842
59117224068.27642822
2330989768.96847582
-283584956723.76824951
-39981254330.99181366
6038731445.17209911
219797495069.80239868
28470710898.23569489
-4274885970.40043879
-166651309850.48403931
-27177544442.92035294
6503609266.05517006
166181725164.40890503
28470710846.58929443
-4274885204.37569380
-166651309864.34973145
-39981254426.03354645
6038730343.62615395
219797495564.51004028
59117225118.88783264
2330993161.09415483
-283584955863.39013672
-119356726224.44168091
-34300332577.70141602
349051836177.70080566
225137802086.24914551
117651005771.87286377
-538774712723.55621338
-466268498642.82305908
-317369646672.07489014
583907612320.26086426
734702583114.85302734
567185678793.35583496
-887789017210.81066895
-875139764355.01306152
-708375218561.41296387
843468659832.29272461
710166144222.45874023
598650173017.34020996
-668427505012.27563477
256007954537.66342163
760909213435.06835938
2066495238903.79052734
1743032464509.44189453
32252550134.80665970
58206480020.76837921
1438309545.74713278
-1883619518748.20825195
-2515597017497.53076172
-2037055296019.24536133
2299171053918.75781250
2131822133135.06372070
1644799354913.20898438
-16970708632.49470711
65935234181.01268768
989946494.54634190
-2337540830727.44726562
-1335006994255.87353516
-908454541714.45898438
1846932480956.37817383
650992624275.66589355
338157227467.32843018
-11484097302.69071770
22114603122.79528046
39542062.00650186
-1482596441422.67895508
-340515983235.85803223
-96633252224.48049927
1096544466677.99572754
171747918863.29043579
6079178945.95005894
-2234341056.82132292
6425833568.57977200
-27157932.05148309
-828930584368.92211914
-114482676991.74792480
17690850816.90186310
634785525751.35302734
83317910639.31356812
-12520546889.71879578
-406726434.14079636
3433973958.98833561
-9421986.25353059
-494146027930.16094971
-77946964846.60513306
18806054772.83772278
469069186776.87200928
83317910657.55798340
-12520546878.28536415
406726624.48504424
3433974143.15773916
-9431779.32578899
-494146027937.90393066
-114482677067.11724854
17690850663.92554855
634785525694.79785156
171747919000.74255371
6079179100.65117931
2234339087.97937965
6425830246.80164623
-27210394.60735632
-828930584403.32519531
-340515983687.79132080
-96633253198.08706665
1096544466199.32067871
650992625428.90380859
338157228389.27423096
11484103708.62222672
22114571707.53011703
39265340.14340813
-1482596441693.28662109
-1335006995605.65283203
-908454544152.40747070
1846932483517.21923828
2131822137404.53540039
1644799354043.50170898
16970834305.18155098
65935184295.66334534
989522957.15962172
-2337540834722.55859375
-2515597021188.78466797
-2037055291202.64990234
2299171057715.89355469
2066495243540.96264648
1743032459438.01513672
-32252353640.67812729
58206553366.79804230
1439100784.40558910
-1883619522754.28051758
760909213650.82934570
255978393288.28588867
710123835859.13842773
598612517725.82031250
-668379091895.47021484
-875092456330.85498047
-708335787090.96679688
843442742493.15881348
734662144438.51306152
567154261524.00646973
-887760382591.45324707
-466245516189.72509766
-317352405738.41595459
583795419974.04138184
225126531020.09490967
117643963514.45516968
-538682440776.97650146
-119351154289.99284363
-34298144028.32703018
348964323647.27301025
59113953646.45255280
2329930405.76289606
-283529430498.64947510
-39979081561.44284821
6038856604.92092419
219760192262.91763306
28468904598.85678482
-4275366956.45431995
-166623470223.01605225
-27175967325.50799561
6503659280.98676395
166158110057.74075317
28468904599.27679443
-4275366959.66003084
-166623470222.87310791
-39979081560.29296112
6038856612.00136471
219760192254.26861572
59113953638.05924988
2329930385.93652773
-283529430501.34765625
-119351154241.59014893
-34298143973.84739304
348964323628.96258545
225126530908.31872559
117643963387.13073730
-538682440845.96557617
-466245515957.61651611
-317352405565.56958008
583795419997.59375000
734662144166.43347168
567154261377.35717773
-887760382412.38720703
-875092456113.86206055
-708335787198.92138672
843442742281.90307617
710123835765.52014160
598612518045.29260254
-668379091894.01879883
255978393196.23263550
760908363761.20898438
2066493113929.41967773
1743030693113.47119141
32252313428.85094833
58206479424.51309967
1439092304.87757444
-1883617662389.92333984
-2515594013198.50683594
-2037052873364.37036133
2299168445261.19287109
2131819700918.86718750
1644797452275.65747070
-16970811658.68068314
65935097465.60884857
989527894.93581259
-2337537897702.75244141
-1335005215066.86669922
-908453267540.28259277
1846929610235.86376953
650991782269.00195312
338156669830.86437988
-11484087278.76307297
22114540846.56954193
39267318.98926538
-1482593747175.80761719
-340515499988.73150635
-96633019472.18969727
1096542148853.42102051
171747721518.21026611
6079108893.72329426
-2234335608.38304758
6425821616.14083290
-27210200.97792916
-828929040429.96032715
-114482537037.07423401
17690868270.04246521
634784275962.94091797
83317833825.73364258
-12520562332.83159447
-406725971.90139872
3433969865.73050308
-9431688.72674187
-494145231574.64349365
-77946876923.07450867
18806059805.52024078
469068329131.31878662
83317833808.86936951
-12520562344.63913727
406725919.69639790
3433969686.71162462
-9422028.54651194
-494145231567.91986084
-114482536968.84400940
17690868408.85103989
634784276014.09558105
171747721396.49945068
6079108755.89049244
2234337723.69440556
6425824948.68767071
-27158000.18762050
-828929040406.14221191
-340515499593.59790039
-96633018599.57362366
1096542149284.91101074
650991781211.58142090
338156668998.67047119
11484081005.59137344
22114571770.09730148
39539728.38428024
-1482593746958.27685547
-1335005213869.33984375
-908453265281.18420410
1846929607943.74487305
2131819696919.84521484
1644797452949.38403320
16970688816.43595695
65935146029.40449524
989940062.49771643
-2337537894071.22021484
-2515594009906.29541016
-2037052877742.80615234
2299168441838.09863281
2066493109750.39477539
1743030697866.13256836
-32252504109.75841904
58206407725.83373260
1438317873.12764215
-1883617658819.41162109
760908363605.89746094
256008639627.82791138
710168165491.34033203
598651642218.23132324
-668428333805.40454102
-875144154902.80407715
-708378639956.30114746
843471037416.25244141
734706173390.58618164
567188530626.61791992
-887789674768.25268555
-466272000938.43206787
-317372268369.20977783
583907880890.51208496
225139534489.11410522
117652248187.76106262
-538772745232.05590820
-119357819253.18907166
-34300999429.51172638
349050967627.93353271
59117548635.39383698
2331183081.45950222
-283583975240.96826172
-39981469523.14021301
6038656598.77924061
219797172277.65881348
28470753000.30247879
-4274847602.07224226
-166650935443.56314087
-27177637592.75703049
6503584686.52674389
166181560214.01782227
28470753046.40791321
-4274848318.19513702
-166650935428.44616699
-39981469435.90010071
6038657607.40917110
219797171885.54391479
59117547676.92597961
2331179989.54796171
-283583976044.93237305
-119357813010.60708618
-34300992557.64247513
349050965323.80303955
225139517436.19879150
117652227146.88835144
-538772751072.00640869
-466271961836.58850098
-317372235777.03228760
583907887050.18542480
734706122969.61669922
567188480373.58203125
-887789663863.24975586
-875144115523.20886230
-708378631462.07592773
843471022076.76940918
710168152903.26330566
598651684172.05908203
-668428343043.31750488
256008624768.92352295
760739513678.50744629
2065790680078.95092773
1742441295193.66748047
32241657627.71604919
58185127058.06140900
1435180947.62043500
-1883222929956.19335938
-2514739770399.92187500
-2036367132045.16918945
2298706937090.99462891
2131096687551.70849609
1644250066541.94506836
-16964081867.67072105
65911641062.84696960
991379353.76852489
-2337008878564.56884766
-1334553062543.41918945
-908147849228.74047852
1846393839093.94287109
650771698079.65515137
338041274406.06597900
-11479949398.20003319
22106782531.30242157
40567074.74426331
-1482042330221.51733398
-340400425766.65411377
-96599845401.59500122
1096117821405.41967773
171689625732.58941650
6076894375.16321850
-2233546661.50088882
6423533680.99815559
-26948389.30191908
-828613488849.10742188
-114443756839.18592834
17684542353.92086411
634553149925.10864258
83289581079.60237122
-12516178399.35486221
-406575487.17814481
3432731188.27699804
-9376197.95213349
-493972922199.67034912
-77920435928.79891968
18799477578.59005356
468904849443.36114502
83289581393.44239807
-12516178068.71071053
406585787.15283602
3432732163.66046000
-9459389.58645473
-493972922152.85729980
-114443757875.94238281
17684540280.78982162
634553148966.71020508
171689627652.55099487
6076896956.86497402
2233539230.18183613
6423503709.61062431
-27393434.79355085
-828613487824.36193848
-340400431726.24517822
-96599858541.56964111
1096117818390.98815918
650771712974.82104492
338041291142.13293457
11480003228.06710434
22106514146.82623672
38233037.43939044
-1482042341483.25219727
-1334553083958.86499023
-908147888851.94006348
1846393869968.65673828
2131096748563.97924805
1644250075545.37011719
16965161666.37141991
65911223259.57365417
987812992.23793125
-2337008915890.04687500
-2514739829278.85546875
-2036367088719.03979492
2298706975031.27197266
2065790748751.24023438
1742441236483.89916992
-32239977604.25880814
58185751184.84110260
1441852748.17868471
-1883222981666.31909180
760739515780.86730957
255760911795.04287720
710016462319.54455566
598504025180.16491699
-668156226600.61181641
-874988739301.59191895
-708237630439.10192871
843552428310.13110352
734566663031.49658203
567074315014.26159668
-887932176281.11389160
-466198604032.14630127
-317298637454.66076660
582895327312.06823730
225101212269.42181396
117619284472.32154846
-538148844850.00579834
-119339933003.50399780
-34283848968.29637146
348293486827.05877686
59105681878.24687195
2318680449.57568789
-283142516567.11285400
-39974033931.84222412
6043882840.15421677
219512721783.77957153
28463916403.94190598
-4282866938.50137043
-166434094591.35659790
-27172156848.92640305
6507385264.66774845
166013165538.64328003
28463916002.45315170
-4282856201.13913202
-166434096241.41207886
-39974035128.97071075
6043870828.63328838
219512717366.79901123
59105694344.66204834
2318724910.11812067
-283142512326.00708008
-119340012859.17724609
-34283935029.91156006
348293474924.06213379
225101434931.46203613
117619594242.09332275
-538148869567.63488770
-466199136114.04205322
-317299069651.29925537
582895289876.47167969
734567338665.55615234
567075085676.83007812
-887932228090.19628906
-874989294850.53100586
-708237857013.05261230
843552545377.87414551
710016656847.34753418
598503482485.52380371
-668156173544.09887695
255761062130.46966553
764524812069.44812012
2078525686453.18579102
1753148126600.01513672
32436703690.05985260
58569670486.33294678
1497627433.50582981
-1892361007303.89233398
-2530242503950.17919922
-2048860381011.78466797
2309558634702.84863281
2144234233909.60156250
1654275301150.65820312
-17084181329.54464912
66336888991.80742645
963089499.12170482
-2348630332920.07666016
-1342778839974.51245117
-913721429620.81933594
1856701534962.21923828
654779780893.41528320
340116723379.50042725
-11554978415.29918289
22248074547.26966858
19962030.18443589
-1491472085167.20898438
-342496484324.93988037
-97196720239.43731689
1103236414989.92871094
172746012631.32336426
6112493880.57007885
-2247847439.90907097
6465014452.37370014
-31078752.02529700
-834033713815.83105469
-115148023143.06254578
17799231185.44449234
638602651531.10083008
83801923543.72912598
-12595875637.69285202
-409204015.49319112
3455070363.47211552
-10189659.72042264
-497063539734.35278320
-78399897561.44914246
18919681708.81900024
471842169370.97705078
83801917910.12716675
-12595876673.96633148
409227674.71390760
3455051519.45702076
-8807686.55885353
-497063538064.86968994
-115148008620.26144409
17799250898.94853210
638602640831.84655762
172745993659.48962402
6112480867.86064148
2248159288.20620728
6465495609.92186069
-23577421.40745068
-834033701141.88574219
-342496469441.44268799
-97196616412.16372681
1103236324177.28759766
654779762874.52087402
340116689788.03576660
11554001349.00513268
22252461142.77764511
58875193.55030064
-1491471857115.32153320
-1342778996025.69165039
-913721291209.32592773
1856701131839.17700195
2144234064455.06982422
1654275608755.44360352
17065794337.62368584
66343886503.16626740
1021531057.66645765
-2348630047609.00878906
-2530242258918.25976562
-2048860963260.67871094
2309558215051.04541016
2078525073073.99243164
1753148591614.18530273
-32463862893.62083054
58559395285.79615021
1387426003.59737492
-1892360328752.68359375
764524717858.86425781
261613639416.29479980
719826839428.70471191
606910326210.21081543
-676148044743.43530273
-886559403546.42297363
-717721055798.91442871
850043775926.57531738
744580590238.21118164
574858796244.52905273
-889952230500.62011719
-472260404042.50421143
-321565461793.79327393
603544245759.70996094
228134279650.19058228
119330566592.99993896
-545455664008.53814697
-120876141097.36270142
-34823673941.58549500
361630777037.15869141
59920384675.92027283
2451275801.42923546
-289892520222.47869873
-40499459002.94338989
6068212609.92382622
224591342571.04598999
28867834875.60499191
-4272532859.34267950
-170578166325.96899414
-27532381420.72462463
6549740212.23649502
169155969583.18820190
28867832667.77931595
-4272660675.98473263
-170578184087.42004395
-40499438634.32553864
6068262645.09992313
224591277920.60952759
59920237158.39423370
2450720987.86472750
-289892551914.05023193
-120875280949.13635254
-34823193306.58205414
361630731822.35675049
228132076738.44003296
119327080479.16691589
-545455074772.00836182
-472254562103.64428711
-321562287500.97326660
603542073215.76000977
744573738539.27941895
574851302841.33923340
-889952760059.65783691
-886553298147.39099121
-717718250777.26220703
850043991894.93945312
719824847988.01635742
606915884568.71313477
-676144326483.21545410
261615887731.55017090
667932565648.78710938
1806692142716.50537109
1524388609149.91918945
28119730627.04542542
49936473810.93968201
-172016784.88609433
-1649770204167.38623047
-2198397989526.27172852
-1780544579458.91333008
2010163565013.37548828
1862723878920.21435547
1437415011309.51904297
-14343350202.19149971
56804143188.11077118
1832462878.57192779
-2046290062523.59301758
-1166068913670.89941406
-793969665336.76672363
1632822906575.72802734
568554013105.55908203
295992630195.13049316
-9860131292.93732834
19072887923.86928177
614646015.00971973
-1315088851766.78881836
-297376297522.41857910
-84813283210.44300842
977069683837.86767578
150082796794.52755737
5800339743.64054489
-1926349483.75725746
5533303806.97796822
85685177.18979158
-737582153863.22546387
-100062011875.52441406
15185983271.78234863
563958047625.37707520
72863765915.96249390
-10609073990.50014114
-352070300.11878163
2955293086.53041506
11415384.32486075
-438866247123.56927490
-68154816609.33470917
16218944161.11058617
416095920990.95544434
72863760648.59439087
-10609297485.93561745
347192546.02684087
2956031818.41394806
-29319124.58485371
-438866253954.12115479
-100061942385.88340759
15186207056.07479477
563957965554.00830078
150082162583.04284668
5799291042.21495819
1911822407.17647481
5519569115.15832710
-138842372.54499516
-737582182683.94201660
-297372154273.29974365
-84810385672.56295776
977069401419.62304688
568542519294.84155273
295981770795.67559814
9881096175.44736290
18943453018.05846786
-534661028.18961030
-1315087380618.12670898
-1166038444952.48364258
-793949787543.86694336
1632819274449.30859375
1862686173474.88867188
1437380505507.84814453
14868162664.21449280
56599205271.86515045
143429240.07722718
-2046289008782.63647461
-2198362824917.07031250
-1780527043325.00341797
2010161439013.61596680
1806677675962.69677734
1524395385727.78222656
-27360983861.83215714
50233982700.69393158
3047038837.27956629
-1649763898635.57031250
667933863678.13342285
85850670555.03346252
240007532907.42074585
202283838809.77929688
-228424708806.52505493
-297530453746.24578857
-240797615684.56234741
290320517267.76062012
248106843933.18344116
191560392162.41949463
-311036948428.13110352
-158706638483.51275635
-108145620966.40963745
193028378621.35418701
76091579728.03024292
39981673010.65583801
-190627828061.32650757
-40695055527.75888062
-11845613123.50761223
117762929443.04774475
19943136398.86021423
913413545.64887130
-98359664264.00440979
-13627814887.92562866
1990180871.47397685
76328087878.95033264
9577297261.33109665
-1373588569.25971460
-57076740756.25254059
-9263478175.56911469
2170616378.69091463
58052576967.06090546
9577304809.10699654
-1374835656.16473722
-57076760593.54903412
-13627918590.88813782
1990555326.74486852
76328027183.99255371
19943045867.31674957
908377710.97375405
-98359695476.58308411
-40694189743.69768524
-11842522568.28338432
117762937484.74079895
76089005751.87480164
39951530168.45204926
-190627368109.22888184
-158694510475.77688599
-108125934944.57046509
193026399724.48287964
248098663768.03942871
191500057536.41470337
-311037650421.99182129
-297518450620.09313965
-240793906447.53475952
290321066095.69110107
240004674581.99588013
202363527444.56726074
-228421317196.63183594
85853118717.67776489
4974217006.79125214
10495993126.13843155
8818125649.19669342
527720351.25511861
503832775.58430409
-397543830.58300614
-12702868001.69416428
-15064228943.51055336
-12193065404.72505951
18016673581.06191635
11339620368.97679901
8850342955.87499619
-36007570.03945413
722141758.80019844
68953435.87408756
-17865245360.68070221
-8453767908.67286777
-5831876210.81384850
9711233173.75386810
3672432826.41671467
2092385747.60062599
-114002099.36769611
262065624.06658569
97932395.77639927
-9176066382.77238274
-2260164887.69927168
-773490132.86326182
5574419720.24297333
904036423.99007475
106985545.77665347
-27454350.05576470
69298764.87122613
21981803.65972761
-4277297919.78122473
-718957775.54550076
67917355.32753144
4044437672.49260616
388656864.16120321
-45281883.38848875
-5371755.17916551
34245471.55247616
4299894.53352276
-2485169885.29847765
-476607611.20025223
95924472.42631361
3199522003.91395044
388662483.94765377
-45300022.96081395
3136082.37869970
34616646.34379049
-2869433.76523953
-2485187290.38019609
-718969744.54294348
67959357.70112190
4044369430.63664436
904011386.29687583
106878773.41497293
20126978.19837809
61942679.21901208
-17661060.58539120
-4277336248.93785143
-2259899433.66147900
-773146554.62115312
5574243605.07167625
3671777950.69181442
2091471287.04946184
124870089.49027257
193915304.53229359
-104087931.47372735
-9175955861.31602097
-8451660194.39042091
-5830304232.45143223
9709643586.83387184
11337942487.28723335
8848272771.40208817
306910557.93099916
615068985.24535310
-226627589.60982397
-17866318238.70814133
-15062738323.61510468
-12192895180.76307869
18017508490.22332382
10496373235.05559921
8820096535.84345245
-134071900.84562898
660703507.15517080
167216666.84204695
-12700559994.30694580
4976188614.34711170
-2526852119.20492506
-4785688782.99397373
-4029503556.13813829
3459486948.64262962
5999665579.22350216
4853349176.02034473
-3881203012.06232023
-4957793853.78024864
-3820975672.50815392
1305663804.11153960
3209167915.84082127
2186244356.78168488
-7614826675.08698654
-1524695387.27337527
-799354721.22843659
1625016856.24417591
824251879.04479289
238989930.19237760
-4267617204.90583086
-396721949.70516819
-16068458.10931682
1800987644.17277122
275231088.90707970
-42412702.99601942
-1546464280.66898179
-188805574.88818842
29097219.02143093
1223155960.86042786
187012661.82841694
-45724180.67650352
-954834768.05543053
-188804816.99799255
29097849.65216920
1223136295.10385036
275231468.10463417
-42425871.05582765
-1546530438.43207407
-396728057.69364697
-16066548.69950638
1800950008.00437760
824287265.08813620
238889913.30671746
-4267767927.62751818
-1524736351.57354498
-799221860.74839962
1625016509.95127630
3209284346.88646364
2185779063.35578585
-7616320072.44690132
-4957797224.24634266
-3820412415.45540857
1304640671.47631216
5999529166.21400261
4853320940.75045395
-3880299955.95632982
-4785354540.43385124
-4029885824.55720139
3461635761.95834827
-2524817893.58755064
289421488.58177686
157771763.34882095
151155311.45827210
-5118888.52864587
349080.65038367
9188111.56790225
-751899417.61554503
-128155700.57044582
-120945101.58549654
890410558.14613461
140930757.78255865
133755862.57613534
-2398376.54840815
-3135828.98839190
-897675.45889483
-863767651.24750566
-52225609.72054588
-45863064.56157157
766272280.97182965
36402038.26668499
32452481.25516830
373523.96552061
-1548155.45746841
-2009268.28737978
-516287248.58600569
-11203319.06763984
-9067480.69422437
431979132.79985523
12619729.83414676
11199166.06525897
189494.89819156
-247171.71353445
-438713.78791778
-335464854.76508892
-5861829.98180772
-5434759.63840796
237743782.87534034
8036573.74687823
7417284.25274190
35188.85590608
-40512.47064024
-63012.20228634
-223997647.80728370
-4608346.72587131
-4346494.05257898
175976059.96281680
8036480.08975509
7417752.66974581
5072.75477888
-48354.86947040
88535.49960700
-223996927.54282629
-5861470.13963534
-5434472.10718139
237742276.72578716
12619812.31370393
11201422.73993469
-38565.02091942
-89162.64996387
402959.94044106
-335464237.91038096
-11206120.69691430
-9068528.75056149
431962850.05178100
36409066.10883181
32469343.75027678
-588792.97939990
-102405.18495552
2268012.28595019
-516278109.34096313
-52258406.12170704
-45877643.49467541
766272217.74489307
140952576.03843224
133792104.91009785
-3204813.10457848
-884532.23692667
5321345.26162000
-863765019.37298989
-128181099.10827950
-120959562.27169959
890397761.10306227
157761923.83872390
151131365.65387905
-3040580.35088960
-2962864.91941367
-2731845.51635807
-751920823.65892398
289397900.52026254
229452124.67325464
308638535.41691530
264801930.41314378
-409449366.57095432
-394375175.43833995
-324194551.09974456
470859302.12985861
320234914.45158231
251408910.72182781
-383077284.85884297
-210995493.87540352
-150563080.09631708
595707154.91643560
98576881.12841538
55690740.17351847
-344768531.62027478
-54540658.40310021
-20006682.14717402
364347044.60154063
25716434.63465299
4595687.26863263
-214965099.59996289
-18460100.82672329
302252.89297520
177156128.06338012
12228302.20749362
645306.96654986
-120425219.09202871
-12622011.02716266
1069549.34782095
123341667.37379889
12228304.01338474
645304.08414320
-120425282.71818902
-18460107.99518368
302239.27468220
177155924.97670063
25716443.35953775
4595678.39313258
-214965256.19220042
-54540661.90510904
-20006726.49511215
364346417.66066140
98576784.67324616
55690665.91652539
-344769094.97693229
-210995026.33631301
-150563219.29242212
595704623.77488708
320234386.30169165
251409357.42692748
-383079689.82192844
-394374736.32540119
-324194257.94940948
470859414.32208949
308638912.35306615
264801441.12373909
-409446333.91014391
229453454.72729775
284256759.69204605
128459658.08997861
125866752.69289193
3052322.98133233
-3682517.39401025
-2756577.42471023
-744129374.91220117
-103935487.45670280
-101071284.24110250
877720266.51115751
113891480.45600060
113290567.93737407
3555543.86498734
-1440729.51295194
5530628.40601423
-860129443.10888720
-43217671.18740677
-40529386.67225198
749709130.81317198
30171582.55379617
30546791.72073395
645397.56548224
-220399.83347956
2303496.82843638
-508095403.90712577
-9737543.12121583
-9871533.79211671
422866211.58500952
10534776.40731156
11683524.51356661
33850.69708579
-144267.26905221
399982.00013619
-326675321.75804412
-4894796.48730654
-5904774.16161700
233386854.43322662
6651658.26546356
7678097.64875998
-7824.11360828
-90871.42026583
87035.14672513
-217319860.01404116
-3783923.83888879
-4645624.21364323
172768417.93604150
6651745.60536738
7677634.40557600
-41297.08565136
-82137.97563721
-66671.34000032
-217320506.83828694
-4895146.30429992
-5905028.00993328
233388330.30493301
10534706.40204265
11681359.11502286
-194298.64025433
-297724.40875594
-440990.68277116
-326675796.13138115
-9734756.73176195
-9870438.65790980
422881493.76953816
30164660.34958057
30529904.74817606
-428602.92094957
-1688478.20957710
-2043078.93436123
-508104889.54289675
-43183969.61604786
-40513407.35105336
749709722.72219682
113869243.29018416
113250434.78754969
2375681.09255347
-3780540.66926080
-933524.98661188
-860130058.72379768
-103908363.53252256
-101056620.30880694
877731630.76175106
128468381.02216834
125893143.74986202
5638326.65223959
-277570.30643535
9491131.04341360
-744113545.18199492
284281740.14644670
-2469602756.02077341
-5050589988.10087776
-4258814166.44833088
3649716265.57828140
6179757139.56044865
5001571147.58893681
-3779916166.51192856
-5201400115.59693718
-4005278549.10266256
1493016199.09388781
3270830700.04777765
2220707489.65399122
-7667126247.42945004
-1581303155.84051156
-815785221.72656608
1765011388.11552429
832897860.01031578
231409356.20395017
-4319690132.15721035
-417297409.29090446
-11639943.17537409
1895703772.37066531
281722276.09996808
-46014909.56078000
-1574195500.52323031
-202919097.91772443
31850301.55761991
1283713673.41776633
192515879.59170240
-48013133.46458218
-977186455.74311018
-202919896.51441541
31848382.04257653
1283733583.91471338
281721988.30357009
-46002477.39471983
-1574128482.17376709
-417291547.58540356
-11645749.80450684
1895742165.51892710
832861994.96949410
231505322.24314123
-4319538244.12077427
-1581260592.01567268
-815936386.87691486
1765012497.13124752
3270707200.82892895
2221160568.50344372
-7665618094.77536774
-5201389141.86856461
-4005887120.90066528
1494053333.64869046
6179888276.10676670
5001600066.37543964
-3780820956.62126732
-5050928270.35966110
-4258378536.62045002
3647547976.05852032
-2471650676.92133904
5125771299.79914284
11702527003.24339485
9856383823.49400139
134090478.11200759
682947701.72685242
168745429.18023339
-13248056246.73464584
-15955666458.46461105
-12928377156.00579071
18712669413.29370880
12473252691.21519852
9714388667.40633011
-317677114.87034887
632824361.87204516
-232295192.56378189
-18871945573.63121414
-8771476069.14027977
-6015657408.87448788
10055845332.82389259
3939261161.34246826
2177542291.36538363
-126694462.09308834
197724958.49265853
-105171924.36808127
-9831342832.14785385
-2306074416.70970011
-738639036.66859925
5801987525.39083767
994758467.93995261
87305879.23908901
-19965728.69019082
63645333.89478496
-17580833.75741043
-4665295466.42850494
-751535726.46081603
85482575.77181104
4212393282.69326639
449181022.70250690
-57050323.15613616
-3040252.01088119
35922165.50284165
-2831372.04498962
-2736193078.19429970
-504583718.23638374
106749324.67544957
3324515826.38149452
449175426.29073870
-57025806.81240369
5562884.64160333
35523287.85826837
4396069.68292091
-2736175501.37246943
-751523256.20998502
85442334.39302969
4212462371.24742270
994782613.10068059
87427918.05612777
27586019.63174168
70864831.45276430
22032087.73971823
-4665256630.90255642
-2306336728.45184612
-738969660.39939797
5802164689.08500004
3939921118.83405685
2178554643.05211926
115567342.91575906
266520694.45698234
98865785.57308982
-9831454280.67218971
-8773645076.49109268
-6017254716.35065079
10057448616.47863770
12474985374.76594353
9716803807.06669044
36607531.79116914
742439851.95720899
70325021.42456774
-18870862250.64517975
-15957236039.42104149
-12928581252.30681229
18711834536.32960510
11702150379.93355942
9854067253.44219589
-543065166.14060545
523408301.04610640
-405417735.10791445
-13250382387.53831673
5123786208.54823303
86333843867.41969299
247568851498.19885254
208858838432.54244995
-232102768415.92428589
-302607987897.53350830
-244981585172.59484863
293190815089.67681885
255262600103.86981201
196941828362.03030396
-316582915349.87634277
-160426698779.78948975
-109107764545.91851807
195048097188.91711426
77825898723.79881287
40508043186.82182312
-194514256603.97457886
-40924255133.05968475
-11626276292.76048851
119057287117.38188171
20547744991.47225952
782171639.78032613
-100889373943.87361145
-13798878324.37471581
2094269933.44312382
77172130428.29487610
9981105360.77720451
-1460344183.47338414
-58778976785.01727295
-9409092256.31781578
2235583189.06847525
58674868051.86811066
9981097682.70987320
-1459093288.32911587
-58778956919.52246094
-13798773315.86125183
2093895537.76540208
77172191145.32963562
20547835010.58713913
787213637.28596616
-100889342864.93881226
-40925112649.54022217
-11629362451.13693047
119057283384.75628662
77828483101.43444824
40538259493.66123199
-194514714783.96994019
-160438828626.30978394
-109127489486.85653687
195050085336.38217163
255270843476.22729492
197002472784.49114990
-316582209514.73461914
-302620003446.33105469
-244985304682.02609253
293190262834.80432129
247571715604.17266846
208778822093.76489258
-232106164040.70935059
86331397371.72572327
669793677874.91479492
1817428177384.84326172
1533553987258.27319336
27494092435.75989151
50502784962.21656036
3043129312.34543705
-1654941334960.09399414
-2209504376793.90185547
-1789576511518.59570312
2016651381585.44824219
1872189067475.82763672
1444514434464.43945312
-14947233252.95162392
56855558126.72679901
152905815.51309526
-2053772954620.37304688
-1170767377176.37695312
-796808589322.60620117
1637962632374.49145508
570809509808.78723145
296644619580.11541748
-9914959105.82285690
19008991007.56246948
-533684690.68825543
-1319900564058.29736328
-298393099977.47583008
-84669432542.43383789
980308793377.24230957
150822264607.48272705
5569556410.18012619
-1915439462.31101203
5542949180.27220058
-139287789.11633247
-740546862051.13769531
-100558045871.25531006
15408543893.85609436
566022835301.68969727
73338608734.03074646
-10768515912.93607140
-348423187.50334936
2972629290.63451195
-29368246.61592321
-440776294774.66302490
-68544903750.50859070
16391390204.72469330
417671365770.28649902
73338611476.99244690
-10768299933.06154823
353077121.68765241
2971912337.38402939
11291536.24979840
-440776287971.49603271
-100558111995.87957764
15408320465.43701935
566022916711.72924805
150822897683.94714355
5570592199.47001457
1929762142.80814838
5556827544.62359619
85765848.20639552
-740546833925.22167969
-298397240414.93005371
-84672335667.22697449
980309080695.28405762
570820964549.36071777
296655349010.56677246
9894259433.88640976
19138087652.63725281
612537041.14684999
-1319902033884.54882812
-1170797569991.49584961
-796828215411.07653809
1637966262994.39990234
1872226384061.56225586
1444548142778.16235352
14430754873.46836853
57058626661.74744415
1826718575.49291420
-2053773995120.94531250
-2209539020796.87988281
-1789593620506.93383789
2016653489719.57739258
1817442381399.06738281
1533547372850.57739258
-28240381223.36733246
50207079150.03373718
-157468650.92187786
-1654947623753.37695312
669792387369.13549805
262070015355.83868408
721716624334.24890137
608508715941.42285156
-677212588245.86486816
-888554754312.32678223
-719334754331.54541016
851671127264.86791992
746392181199.26257324
576222748268.40502930
-891602473100.12902832
-473176247627.07818604
-322141422529.76910400
604464450934.82592773
228626784457.53805542
119516944934.59291077
-546371564992.58374023
-121086594519.89598083
-34828455278.99363708
362162753919.27569580
60065980178.05500793
2418550337.11840105
-290401500478.76190186
-40585286121.76406860
6103322563.19606876
224952668495.39593506
28951205031.03825378
-4302350081.58443737
-170898985365.12518311
-27595983372.11157227
6578460029.42378902
169428162388.87408447
28951206513.05514526
-4302223818.67015648
-170898967732.98739624
-40585306589.10939026
6103273025.06102467
224952732400.59237671
60066128304.14832306
2419108141.29766893
-290401469655.33941650
-121087461202.78771973
-34828937541.29592133
362162804072.09313965
228628959673.72470093
119520392609.92872620
-546372149689.93395996
-473181983641.42846680
-322144464242.88177490
604466619177.08361816
746398807373.50024414
576229869696.09619141
-891601934728.40979004
-888560652437.85144043
-719337387393.20788574
851670899828.42858887
721718514323.73925781
608503245564.38989258
-677216281717.86743164
262067775480.70663452
765331596264.38891602
2080875134069.90234375
1755116319702.87670898
32503268732.16994858
58628622743.48867798
1386582165.82828212
-1894340658493.74609375
-2533175171847.65234375
-2051225722546.84814453
2312045980824.21679688
2146709399166.23168945
1656180447469.77978516
-17085549287.93155098
66423754369.33248138
1023443826.14694500
-2351142105911.10742188
-1344372573545.87036133
-914807078537.62438965
1858627270878.10498047
655553461579.55761719
340522262720.34881592
-11568061532.13875008
22279583351.53905869
59342663.92170030
-1492978197114.24853516
-342907614086.89868164
-97318302950.97006226
1104348302275.70922852
172944621524.04956055
6118389354.14183044
-2250968492.68095303
6473233879.25631046
-23566145.34437687
-834852143425.31481934
-115281217041.29724121
17821016589.35162354
639246365917.29968262
83894416730.93524170
-12613331858.19192314
-409746551.64353734
3459099646.43493652
-8791265.63821614
-497543632028.83837891
-78488997995.89163208
18943238584.10826874
472315457956.00573730
83894422292.81930542
-12613331433.23736763
409675649.01066256
3459122402.43646812
-10196874.80842624
-497543633830.51538086
-115281231799.90136719
17820996673.32045364
639246376396.39343262
172944640968.84619141
6118401275.44385719
2250600117.90511179
6472763859.46923447
-31113115.91166365
-834852156941.26306152
-342907629791.99267578
-97318407534.46423340
1104348396570.21704102
655553471742.31884766
340522282973.06506348
11568991553.90158844
22275110578.58304977
19621358.88783860
-1492978423618.63525391
-1344372387790.21704102
-914807194799.60913086
1858627668773.03881836
2146709510046.17846680
1656180076971.61791992
17104649484.66293907
66416462722.84320068
962591266.31126904
-2351142390622.05615234
-2533175373541.11230469
-2051225116627.04370117
2312046396967.91113281
2080875729699.54687500
1755115881116.80419922
-32474877765.67679214
58639211349.88682556
1500197492.72480798
-1894341321568.10253906
765331695103.92480469
256030048842.54193115
710798142129.33227539
599159214788.16931152
-668848777038.86035156
-875978069578.05029297
-709035797913.65026855
844432787679.83020020
735394105070.63476562
567713018574.47363281
-888845701921.60095215
-466740668133.27044678
-317670421561.27416992
583505144201.37402344
225362701359.73709106
117760505640.02157593
-538704022675.27514648
-119480954992.30616760
-34328626557.31307220
348655588167.43530273
59172538156.18164825
2323296416.09002590
-283431724900.20092773
-40019335263.39022064
6049639476.92915249
219739384006.10156250
28494649230.10965729
-4287185923.30115509
-166603057181.14514160
-27202287315.86970901
6514185489.07573318
166184238535.48010254
28494649706.83365631
-4287196438.56665421
-166603055522.15139771
-40019334137.37442017
6049651610.70935345
219739388407.96002197
59172525672.44617462
2323252085.60665989
-283431729338.72534180
-119480874709.94966125
-34328539572.41659546
348655601816.61596680
225362480521.37301636
117760199862.48316956
-538703996451.88330078
-466740144434.81341553
-317669998537.73785400
583505181438.32373047
735393447530.80712891
567712280943.59362793
-888845650503.16796875
-875977532702.97961426
-709035592521.61633301
844432670509.36975098
710797956632.00122070
599159757867.73291016
-668848827584.02929688
256029903240.54824829
761573040652.28686523
2068379640280.06127930
1744618158275.90478516
32280111311.54393768
58258297109.24170685
1443636497.73460937
-1885284809075.30664062
-2517890506710.58740234
-2038911430473.67919922
2301220189382.48632812
2133766663414.92773438
1646298958424.11840820
-16986329827.71825218
65993397936.99193573
988789783.56542850
-2339563098918.97119141
-1336224281071.28857422
-909278326543.51940918
1848418756854.60961914
651586294042.06250000
338456322250.43316650
-11494321328.35945892
22134075294.65789032
38223215.42196622
-1483670130782.52099609
-340826260535.79492188
-96715769123.30809021
1097322394422.39343262
171904341192.00137329
6078992599.93520546
-2236323531.51430416
6431499861.03393555
-27432644.26036721
-829524319492.32714844
-114586818346.44555664
17709938495.01057816
635250163886.57458496
83393725519.09941101
-12535453950.12882614
-407090327.71852094
3436998903.76897573
-9475762.13932410
-494515993194.75598145
-78017827651.29679871
18825495551.87222672
469420037571.42651367
83393725219.68957520
-12535454233.92250633
407083563.89708889
3436997558.01069355
-9389951.40260451
-494515993246.32598877
-114586817309.30053711
17709940577.34053421
635250164893.47949219
171904339261.64538574
6078990081.29168701
2236335862.12960196
6431528914.61579704
-26981488.87904610
-829524320547.29772949
-340826254530.32867432
-96715755943.35215759
1097322397439.45422363
651586279908.43420410
338456306500.94110107
11494275408.25775528
22134353161.39209366
40644829.38316140
-1483670119797.53564453
-1336224262002.63330078
-909278288939.85266113
1848418726506.30053711
2133766607542.00781250
1646298954819.66210938
16985192385.31104660
65993844734.49497986
992591998.84631038
-2339563062696.70263672
-2517890451450.13134766
-2038911475490.38427734
2301220152351.27148438
2068379573289.03808594
1744618214144.50024414
-32281905254.75550842
58257641034.55823517
1436618578.70515299
-1885284757815.15112305
761573038191.43835449
256289164472.03454590
711065654562.19213867
599405880711.91198730
-669163921634.35754395
-876246183386.77783203
-709268227138.21728516
844396670440.58532715
735633290404.85180664
567900222489.42419434
-888766493411.15905762
-466857880846.84350586
-317768367235.21484375
584549070225.65026855
225422907795.09405518
117797013977.58953857
-539365559011.71685791
-119507422828.22428894
-34341875260.69103622
349434186763.86151123
59192002022.85553741
2331938814.61022758
-283896449396.77301025
-40031639553.83536530
6047544056.93351841
220038424360.79895020
28506702009.80434799
-4281615597.08523607
-166834715986.98339844
-27211769208.75697708
6512727681.64404488
166363964372.07263184
28506701958.33199310
-4281614893.22478342
-166834715995.53652954
-40031639637.52864838
6047543034.50710583
220038424790.34866333
59192002989.85521698
2331941915.81256199
-283896448553.92138672
-119507429135.62710571
-34341882214.61324692
349434189024.35925293
225422924793.11923218
117797034825.28359985
-539365553197.75268555
-466857919565.22290039
-317768399226.12561035
584549064227.44873047
735633339867.70703125
567900270393.85559082
-888766504413.14282227
-876246221919.36767578
-709268233926.33483887
844396686001.03894043
711065666950.37512207
599405838444.68920898
-669163912852.22961426
256289178952.82431030
761741120986.88708496
2069070973918.83886719
1745197892307.07958984
32292708515.15850830
58278930708.16264343
1439876056.79048777
-1885676418551.69360352
-2518735746494.41552734
-2039589902896.24487305
2301683436322.76757812
2134480922272.79223633
1646840142698.60961914
-16991829613.96073532
66017360739.06084442
990999710.15341341
-2340092806276.62011719
-1336673605834.84863281
-909582265535.91613770
1848949576490.75683594
651804696065.22753906
338571463552.40698242
-11498415709.28870583
22142154673.43199921
39573146.80013447
-1484213340451.71166992
-340940873521.24237061
-96749345719.12716675
1097741115767.31262207
171961696235.58441162
6081392195.78076935
-2237127920.10428143
6433821365.06665421
-27193012.18184322
-829833882731.27770996
-114625189648.88157654
17716071944.38381577
635478143765.27307129
83421411327.21263123
-12539773609.60045624
-407232607.83804125
3438234192.14150286
-9435768.39635801
-494684262444.67083740
-78043911478.78309631
18831948305.60992050
469580971648.50573730
83421411342.84986877
-12539773608.63736153
407232490.98638290
3438234379.48680687
-9445146.94636202
-494684262447.93811035
-114625189712.87678528
17716071828.68440247
635478143708.99865723
171961696344.24652100
6081392294.57119751
2237125671.29648161
6433818215.89770222
-27243325.99207011
-829833882726.66101074
-340940873845.04418945
-96749346511.49723816
1097741115312.90856934
651804696860.26367188
338571464230.09130859
11498421320.89765930
22142124684.60898590
39308703.16453709
-1484213340582.96801758
-1336673606348.90600586
-909582267484.38464355
1848949578609.54931641
2134480924838.90722656
1646840141648.49877930
16991949111.63104630
66017313125.87823486
990596392.98373532
-2340092809575.34326172
-2518735748154.54492188
-2039589898435.88549805
2301683439496.91503906
2069070976658.37036133
1745197887756.98925781
-32292522111.05630875
58279000490.96539307
1440630943.90524817
-1885676421941.92626953
761741121144.96618652
256259398717.18347168
711015422507.40258789
599361679995.17199707
-669114751058.10888672
-876188748313.74365234
-709220639725.77575684
844367982913.11145020
735584381499.89099121
567862350876.31555176
-888736602497.77819824
-466829330460.36651611
-317747435601.69134521
584439164121.86621094
225408965858.32147217
117788765259.63681030
-539277876543.91052246
-119500424816.30886841
-34339352524.70100784
349350038855.99285889
59188080234.42926025
2331000669.56122923
-283843376704.43518066
-40029033264.65609741
6047527014.84962368
220002513564.58135986
28504610499.28521729
-4281939206.38465786
-166807899405.49954224
-27209910084.20790100
6512641982.09389400
166341167484.11483765
28504610500.28947830
-4281939241.45863390
-166807899413.50790405
-40029033256.35629272
6047527087.79764080
220002513489.43988037
59188080180.86413574
2331000512.83329582
-283843376672.38458252
-119500424475.70497131
-34339352171.44086456
349350038505.76831055
225408964888.12756348
117788764436.33837891
-539277876712.35223389
-466829327926.24017334
-317747434301.00054932
584439164016.15954590
735584377375.38220215
567862349190.25939941
-888736601952.53466797
-876188743647.60961914
-709220639378.47778320
844367982196.86962891
711015418969.91503906
599361681114.03894043
-669114751281.58740234
256259398149.66381836
761737106419.91210938
2069054173766.72143555
1745183527475.73486328
32292257271.22833252
58278490166.60292816
1440561591.09542322
-1885667320337.20288086
-2518714987740.66162109
-2039572864661.10620117
2301672331980.16357422
2134463565870.29443359
1646826581414.91040039
-16991791683.91100883
66016746661.41843414
990624089.80625021
-2340079644122.95166016
-1336662601816.73754883
-909574454360.05480957
1848935343887.73510742
651799463364.32702637
338568358641.58819580
-11498320552.72140121
22141937585.57784271
39329237.09010417
-1484198267980.19970703
-340938150889.98083496
-96748349707.47984314
1097729179000.08325195
171960405243.83023071
6081235733.99716854
-2237106347.70757055
6433764816.78401470
-27238642.72571220
-829825455858.12255859
-114624328913.09666443
17715982262.76777649
635471952861.99255371
83420812824.18022156
-12539717027.98643875
-407228809.94860697
3438206067.90998220
-9443892.68572146
-494679866134.59692383
-78043335342.27397156
18831834598.00506973
469576702642.58843994
83420812818.21267700
-12539716887.00539017
407229478.87057447
3438205913.82120991
-9436488.72245525
-494679866165.30047607
-114624328910.69285583
17715982011.54632950
635471952999.22900391
171960405344.58673096
6081236225.30386734
2237108974.58426142
6433767583.93184280
-27196817.19739448
-829825456237.13439941
-340938151726.46282959
-96748350207.28120422
1097729179915.31005859
651799466032.37731934
338568359896.27777100
11498316454.45457649
22141963384.55093765
39552094.92113331
-1484198269267.78295898
-1336662610982.50170898
-909574456046.54162598
1848935343994.35546875
2134463582153.61352539
1646826586002.75292969
16991690091.70534134
66016787258.70462036
990960317.74934733
-2340079643718.15185547
-2518715010598.82031250
-2039572871381.37353516
2301672331339.79248047
2069054193205.05761719
1745183533223.51049805
-32292412096.38013840
58278431778.84822845
1439932175.06747103
-1885667319559.27905273
761737106687.78137207
256292903860.15069580
711090176275.75036621
599428118861.58044434
-669174060743.98925781
-876278029798.09082031
-709296896421.13439941
844415373228.32507324
735659466866.26318359
567923650746.09948730
-888779289555.58325195
-466875004159.87072754
-317782399394.21191406
584546025232.33728027
225430473191.11325073
117802236594.72999573
-539352143387.74371338
-119511107495.87295532
-34343728142.00782394
349423000803.46752930
59193250448.83927917
2331939569.27576637
-283887320357.65716553
-40032374823.97319794
6047731335.52113914
220032864787.10128784
28507068921.09685898
-4281921699.17171049
-166830375096.11636353
-27212171736.93353653
6512971322.28607082
166360445041.23727417
28507068953.17681885
-4281922492.55827761
-166830375028.01153564
-40032374686.58406067
6047732783.94520950
220032864240.08584595
59193249464.93643951
2331936484.09709358
-283887320937.50915527
-119511101319.83020020
-34343722417.67341232
349422999160.01794434
225430456009.39230347
117802223164.65248108
-539352144365.72686768
-466874960643.80676270
-317782379033.05371094
584546023094.50329590
735659400067.28332520
567923620791.90344238
-888779277684.42236328
-876277957955.77539062
-709296885931.11132812
844415356892.44421387
711090127723.68334961
599428134669.63330078
-669174057729.31665039
256292893992.42468262
761639133320.91528320
2068586348981.93505859
1744793340036.38110352
32284767166.35806274
58262609775.90883636
1436544116.15305853
-1885436606578.82666016
-2518144359579.13134766
-2039117309356.34594727
2301405304046.32324219
2133980676613.11694336
1646463991813.31127930
-16986560468.79302597
65999551203.61858368
993060504.60438526
-2339770336486.99218750
-1336359502360.49145508
-909372138550.71704102
1848635128516.67919922
651651645794.65209961
338493816465.26898193
-11495252556.56230354
22136294730.07503510
40837236.12347760
-1483879857397.80590820
-340860490206.69293213
-96727614551.60327148
1097491970713.05944824
171921141328.67675781
6081125081.74298573
-2236535184.99252605
6432104839.61357498
-26961328.02328441
-829645827821.65698242
-114598048829.42573547
17710981347.51977921
635340407265.79577637
83401703467.93916321
-12535938941.00241089
-407123915.07618934
3437307932.80904341
-9392309.72583743
-494582050876.05175781
-78025413708.22935486
18826835665.35228729
469483158238.07635498
83401703605.07847595
-12535940266.13134956
407122607.42745036
3437309182.29920435
-9479501.71647675
-494582050685.54339600
-114598049094.38186646
17710983377.25088120
635340405148.44543457
171921140731.00915527
6081120586.13940620
2236510396.09077978
6432068496.80366325
-27468485.21115178
-829645823472.00317383
-340860482678.07604980
-96727611652.89315796
1097491960496.62048340
651651620258.16296387
338493804784.60827637
11495307909.70884132
22135967451.92412186
38063757.26938529
-1483879849609.80395508
-1336359408114.57763672
-909372126391.62353516
1848635127131.77832031
2133980515317.69238281
1646463943291.87182617
16987876405.83971596
65999041817.39659882
988827294.19598126
-2339770338109.31152344
-2518144130373.41455078
-2039117236189.61035156
2301405308687.67822266
2068586158172.52856445
1744793278048.30346680
-32282796220.57752609
58263357242.66947174
1444392041.39539528
-1885436621738.12768555
761639130461.23010254
255843550356.13989258
710272759787.90979004
598693959194.82202148
-668382841530.51745605
-875307427603.46594238
-708456041431.16528320
843786419601.11157227
734840507759.51513672
567242667396.36340332
-888260569537.12658691
-466380352258.90734863
-317393447804.02136230
583177236784.65966797
225197783373.50753784
117653188270.58320618
-538543337529.53271484
-119396924762.37699890
-34292516791.07101822
348556556048.99664307
59138224258.68339539
2319551033.67067719
-283375923146.50482178
-39997256257.84735107
6047063052.05981731
219680133395.76028442
28481061340.95558167
-4283916120.44591045
-166561503035.18981934
-27188485085.56311798
6510472932.74457455
166135935525.75308228
28481061018.03391647
-4283901133.51237440
-166561505595.10934448
-39997258796.87731934
6047036867.33967876
219680138295.58483887
59138241164.61133575
2319607887.85145903
-283375928314.08416748
-119397031705.45312500
-34292612246.54428101
348556570693.39300537
225198092198.25332642
117653427279.48313904
-538543417284.97369385
-466381183906.95593262
-317393782753.75891113
583177340616.15039062
734841851394.46179199
567243227310.46582031
-888260708285.05664062
-875308988264.28955078
-708456340704.70837402
843786624897.54394531
710273925997.00341797
598693805465.00134277
-668382966245.87524414
255843667924.89450073
764094013766.35754395
2077649189246.66113281
1752378588781.70532227
32428445867.46754074
58558397196.23898315
1501391818.40919876
-1891408891058.80322266
-2529197379922.33154297
-2047987752581.40380859
2308513169927.69970703
2143344409125.34521484
1653565807625.13037109
-17082165833.63355064
66322941814.98194885
956233460.28965664
-2347390732688.35888672
-1342235719176.05615234
-913318689514.40075684
1855150064060.26708984
654518246497.86901855
339940078891.68414307
-11552785195.03421593
22243239301.44040298
17096761.53680389
-1489897373920.97558594
-342364548759.41119385
-97134097537.43478394
1101931321202.80444336
172680086184.84347534
6087419666.10856152
-2247344882.21295547
6463581448.90169144
-31425544.13960783
-833064745725.65039062
-115105106460.82011414
17803449549.05462265
637899476721.06640625
83770114046.45024109
-12604766747.03157425
-409076907.13745052
3454287755.52349091
-10212563.98660120
-496532490917.62512207
-78370738374.69837952
18920776399.75274658
471348546645.47772217
83770111206.52299500
-12604750194.15460587
409183275.31623280
3454265687.55215168
-8745879.46395236
-496532492442.75799561
-115105101344.15443420
17803426415.97092438
637899487811.93115234
172680094508.10055542
6087480743.32418537
2247804092.03824234
6464138044.54614162
-23097543.79755586
-833064777868.70520020
-342364668125.87921143
-97134156782.00729370
1101931356028.24047852
654518628025.32409668
339940334703.33282471
11551772310.67913628
22248347880.96852875
61484486.80517706
-1489897402583.96484375
-1342237039398.33789062
-913319052860.67822266
1855150091345.86132812
2143346477230.37866211
1653566705985.75292969
17060993639.34795380
66331042387.67622375
1023123833.14024389
-2347390869871.92236328
-2529200115546.92138672
-2047988654074.61791992
2308513204987.97363281
2077651280770.24804688
1752379082253.25903320
-32459344814.73041534
58546589033.77601624
1376172848.61191988
-1891408736731.17553711
764094026603.08459473
263606427283.88497925
725699936027.39624023
612065679134.75634766
-682359301747.91357422
-893789373535.77978516
-723877322334.28491211
858274833625.96740723
750574709806.68054199
579819238054.29333496
-898962872556.16613770
-476017619557.96453857
-324349796052.03283691
606367851376.90808105
229867982885.20584106
120346554913.23593140
-549081048311.78137207
-121756455137.68812561
-35121643034.39722443
362430839314.41278076
60320580693.51604462
2456829676.23523331
-291015069239.62982178
-40763328837.51220703
6118844913.85155392
225457643541.85424805
29049701904.80321884
-4318505549.82458019
-171190131543.79858398
-27707877252.73981857
6603684258.40837669
169913078460.34320068
29049702139.64794159
-4318659052.08917809
-171190111553.02615356
-40763302494.62548065
6119034035.55990028
225457549840.44622803
60320409707.43010712
2456226559.37819338
-291014941731.13903809
-121755404069.36030579
-35121037408.58416748
362430630180.86267090
229865086154.60321045
120344060067.01345825
-549079993282.41497803
-476009406432.23126221
-324347454892.79803467
606365150391.71362305
750562002915.52062988
579814117639.15332031
-898962098726.29431152
-893774404888.96520996
-723874025671.91271973
858273873808.93981934
725689120630.36047363
612067054425.50317383
-682354996446.17041016
263608123600.57623291
704075677223.31835938
1887659887116.00341797
1593856100040.20703125
29363408888.90975571
52298252771.64926147
109080673.38737968
-1739283375645.34814453
-2296981676480.37011719
-1861973617898.98046875
2118732360518.53442383
1946235188361.45605469
1503736500085.77343750
-15067325478.15278053
59440864075.51119232
1740190539.83404875
-2154810942807.65185547
-1218188939456.30468750
-830749859855.49841309
1715217167930.14331055
593734274291.11975098
309877278419.84545898
-10327038774.31316948
19943051794.47505569
530852681.43806750
-1377378762502.24853516
-310360276715.49981689
-88901486443.04020691
1021178777825.09741211
156484741629.99255371
6186131852.63323307
-2014426679.16039038
5779328337.26248646
67899203.37201256
-770037730249.45263672
-104279086739.65135193
15772346028.08593750
588638021363.02380371
75911778389.59223938
-11019035923.07193947
-367510835.06704885
3085054101.50396538
8030851.67980471
-458030271241.09942627
-71002774386.14280701
16874893498.18747330
434300817812.46643066
75911784266.60733032
-11019582620.32390785
362983928.40220010
3085704184.73266649
-26481635.45718557
-458030085749.88836670
-104278999790.95899963
15773337593.25842476
588637475409.66577148
156483989860.39056396
6183939387.75940990
2001565507.07919645
5767683009.29228973
-122669686.87570865
-770036700579.71374512
-310355171320.50549316
-88897022046.98960876
1021176393927.46325684
593719300633.42456055
309865247403.01995850
10344137459.09712410
19832588372.11553955
-448166608.53258640
-1377373294933.27441406
-1218146064782.56201172
-830728952879.69848633
1715207051090.16674805
1946168882809.52099609
1503702064910.15014648
15514605797.19142342
59264875309.16626740
297674823.08204216
-2154800389073.99414062
-2296903172041.79931641
-1861953298999.88647461
2118720834042.09716797
1887602673378.26831055
1593857377185.91455078
-28714092183.31708908
52550842141.44304657
2853523997.86490726
-1739269784761.38574219
704073690495.04284668
115306561153.39894104
304622631800.80914307
256951162838.01345825
-301496869630.64959717
-377795242902.54833984
-305985000500.97375488
381864238161.62695312
315363236634.98699951
243890547744.78906250
-403000466209.96936035
-201730778736.09082031
-137657848385.04504395
261215954289.61907959
96858812317.37504578
51118597462.94461060
-245184736939.11828613
-51778063464.81348419
-15200332495.92295456
156775131770.16070557
25390804125.69527435
1292292167.52572131
-127634521495.51022339
-17326948898.36106110
2450046655.52559137
99320839102.44282532
12183602357.73982811
-1669066030.30362391
-74486002928.60127258
-11771128782.99237061
2699286491.01235676
75192940339.25042725
12183614664.14521408
-1670244099.17685843
-74485981829.38310242
-17327072551.67089844
2450406593.05636930
99320574734.11892700
25390772962.47649002
1287460358.34753203
-127634242120.12225342
-51777469111.35520935
-15196830180.82667542
156774247690.72085571
96856994930.65750122
51088404355.61201477
-245182804832.26263428
-201721057474.56524658
-137635980250.04733276
261211213436.37002563
315359864217.77465820
243829193007.77066040
-402998148591.29699707
-377790002772.93334961
-305981950051.66308594
381861393441.36102295
304625847631.10119629
257031582941.47503662
-301490601570.76306152
115307793551.72990417
55510680645.69987488
111770115539.15205383
94112494342.98800659
2257443431.13912535
3512468600.51689196
-731281488.96491361
-139627264751.76257324
-137231314651.40496826
-110655306643.41151428
172227643497.44927979
115954188850.56324768
89512964121.73579407
-877295681.92629611
4175553451.38822603
361980374.16047394
-175268601361.55828857
-73544325835.60972595
-49797697003.09183502
131438548555.57969666
36050162211.77914429
19051143867.46617889
-709933078.39888406
1440791996.76773953
255402794.21773607
-106509943994.20242310
-19201668971.04365540
-5660941715.22459888
76404901314.60566711
9725274572.72263336
793803691.24734247
-147197735.75722328
419267833.28741711
51008316.30859134
-58207827694.03151703
-6562816037.61601830
722637718.77987647
44867276369.40856171
4734579994.47333336
-384328204.59190708
-27805187.28196037
222556309.92174801
9580069.51227992
-34754450991.93270111
-4474738496.59909439
845722596.03396201
33372976837.70734787
4734597676.19215584
-383899966.53947037
25069699.34107924
223014992.36018765
-8500780.04834182
-34754402734.62464142
-6562937213.72421169
721603846.03436649
44866851162.79739380
9725645602.05600548
795224411.72392452
138126276.16297305
409977616.27431357
-49050880.73385322
-58207313827.29853821
-19203820929.34561920
-5662689842.96314716
76403111320.10832214
36057420885.25682831
19051421007.84030151
724534444.72612011
1354975545.08677459
-254562791.38412455
-106506954050.77824402
-73567155559.62387085
-49797823830.56980896
131431887083.91632080
116005794955.04365540
89511412170.79258728
1222417998.51984859
4042102424.91281271
-383353763.25689572
-175264281631.82385254
-137305291452.62561035
-110662580132.82672119
172222441216.68511963
111842854657.60014343
94127275941.40245056
-1760178235.68209815
3713227590.60151291
699208065.62162006
-139619318650.47698975
55510585848.87866974
111064834.67040655
127705901.51301123
225160961.27202606
-1384867295.63750720
-1219002084.82061911
-4072861277.05640507
1296404418.39604187
1155144862.02079439
6372921892.17929459
-1457055760.54048681
-1167889709.64130759
-9843906730.82898140
584574855.30593157
452867201.88995326
-2439408026.72091055
-369571964.61595273
-172874527.06750152
-4869615118.77891636
78799535.21807556
3216567.02109139
-1106665305.10477519
-72608567.95710544
47041492.73043379
-1085172272.01283717
7514723.81703707
-36368157.89262007
884087080.16205943
-35459485.06734966
42719064.86541017
-329316767.38990033
2746471.21774279
-29533894.35601108
973077754.01321161
-35456408.93162505
42712009.99016722
-329356332.92419255
7492759.79808821
-36538001.11794211
883928594.05756152
-72554551.28815742
46989386.88303930
-1085224087.21954656
78451274.09904778
2803201.04744180
-1107079112.55674267
-368408667.91695637
-173849019.72988254
-4869410161.29024124
581080320.22438288
452287601.34701639
-2441790692.32001877
-1449230353.95568442
-1169167273.81470346
-9844690789.86329079
1284864955.80298758
1153882350.55646229
6373247273.09247398
-1373481967.48497629
-1213746985.72835755
-4070030223.03133392
105013877.45792484
125991917.49565117
227073611.32874298
