1.00000000
1.00000000
1.00000000
1.00000000
4201878.54209193
-41120747.66071532
1.00000000
1.00000000
1.00000000
1.00000000
13476949.11581677
1330114.77429590
-8432534.37002210
-77327295.31093778
1.00000000
1.00000000
5477291.55197993
17097907.30948259
1.00000000
74769.58189673
422301.72644129
2741423.94272141
-269447515.03998697
1.00000000
1.00000000
-34881936.05970385
99831071.20211382
-172136976.87366876
-933140442.24398696
1.00000000
1.00000000
62713362.70016430
318146245.89739567
6905976.91497872
996365.17407085
7004190.34872589
33858283.94705103
-147858649.49803156
1.00000000
1.00000000
-163834812.40965599
191939653.40237516
-527598106.13656354
-1656199364.47465372
1.00000000
1.00000000
633021718.97224414
1632509326.58059263
11146874.59681046
4821004.09297735
33698037.05600729
-126770496.34349665
-120314506.13501129
1.00000000
1.00000000
-468156535.86432272
-179481588.32404754
-152285241.09857413
-1258215795.77367234
1.00000000
1.00000000
1225841041.38651037
1863450864.98728776
1269847.03730154
15556559.42614662
45651045.12989378
1.00000000
1.00000000
1.00000000
1.00000000
-585212330.79152179
-302988906.36571735
1.00000000
1.00000000
1.00000000
1.00000000
973081860.04429567
1476228164.86264944
114294827.36099076
15805708.39970418
30254698.68308369
1.00000000
1.00000000
11157952.99435098
26456.26579834
1.00000000
1.00000000
63828602.60873132
-7224378.03024695
7214273.48675525
-38450523.66249788
-54202189.39030098
21680883.26341047
-536145.55156077
-1563361.50832047
279643.28500628
14356604.36369313
1742826.08232496
-33179441.95039652
-25434100.86662308
8259831.62396059
-397643974.47282749
18502854.53788728
142740442.85403025
3054937.51979896
356382.60918380
3187436.14161937
-68894634.51722297
-41296238.39033550
-55090923.50559577
-85832190.43422981
55932890.79624590
-35983666.92396916
35339342.77061310
458508970.28231657
-2667579.44686247
2196777.67754626
11647016.83061515
-39570108.26974337
58511779.17830236
96058744.62374112
82448853.20706871
159265514.27907878
462543059.94464207
44242806.86468722
-180945656.80483553
-9582557.91954628
3934336.13365616
595131.20753632
1.00000000
1.00000000
-738755578.02338147
-1928204788.87813997
1.00000000
1.00000000
764625999.93594956
258348788.30065456
10097539.36024941
-67757300.21676777
-11950424.59078415
1.00000000
1.00000000
24719281.93143027
3301564.74280336
1.00000000
1.00000000
117445757.81066981
-8836125.14508276
-4796802.62930108
30734567.32022321
-118342582.89633255
15774238.57679792
-1677963.31472478
-3162735.02852680
-257693.97469880
-31350498.31244060
-7882829.98713665
-5656525.12113267
-6909959.96677693
4153286.19141994
71574182.64304832
31096229.40312647
-47812273.05685094
-1094548.40166808
129145.79630662
-1475065.89687919
-6568238.58694827
10694706.45548944
-32159440.96903978
5576969.59920062
32611023.75847676
-49308497.25902877
79517620.93248022
-19144733.57936759
526615.56176305
847467.62809836
-1353578.03384860
279167455.22289032
259349681.03688633
-123189728.99324566
16192732.10967244
-218732789.01321331
-930666141.98387861
-29995923.88888603
69943589.79237956
2987443.03926619
-1435236.77508945
2741642.55933459
1.00000000
1.00000000
1304747102.39763522
3956888127.73885441
1.00000000
1.00000000
-1129714685.49085689
837640978.32154644
12054875.32487342
5497271.32758706
31517278.60209442
1.00000000
1.00000000
25126997.59479882
5799136.29211991
1.00000000
1.00000000
41135819.37759236
-8493181.26952399
-29298174.37418569
12880529.80709870
-128624458.63099462
18980450.08516346
726489.68588960
-3016368.00654295
10929.87693682
6231966.47401828
37594469.91241771
94537042.66691652
3585701.34169061
-27777407.80804384
41835209.52035389
-82976472.39435989
-12018559.94537300
-616259.18626924
-2458840.99442965
-1088470.14053198
261330871.76266596
-328883198.13664228
131894312.43003251
-62464480.38157909
108349960.93859479
35290506.42570657
-154828147.29776895
82765857.59787080
-748186.22381157
-1866429.87046268
455269.41610469
-262790324.42391264
339210852.63364995
414077264.08871418
-280498927.02588791
-219585677.20044732
260185996.01009378
89566636.39213440
17721655.70146949
-1880590.29751764
1835470.78700759
-2324891.03854362
1.00000000
1.00000000
-1174467846.29192042
-2320623292.46071815
1.00000000
1.00000000
1125544829.87015581
-2772650546.73356390
22069789.38541646
-11961802.60456784
-33976583.94820807
1.00000000
1.00000000
1.00000000
1.00000000
1.00000000
1.00000000
1.00000000
1.00000000
-19735832.75294431
12633586.83203592
27082697.00787392
14770016.45664840
206403.10546941
327395.96725369
271817.55168386
1.00000000
1.00000000
1.00000000
1.00000000
-194067779.32499129
9905842.65382247
-8828802.71631452
-42333648.28389049
1123166.79716501
-515547.94288809
-951767.72650654
1.00000000
1.00000000
1.00000000
1.00000000
1391917856.95464587
-954173762.27546775
574084700.68712127
-1473350.22724982
-442276.46598718
4622899.72085072
142055.22015166
1.00000000
1.00000000
1.00000000
1.00000000
-1104342153.73386979
3416013476.96846008
-2425477313.85580444
-1255659047.12464833
2323021.53625345
5937883.77331083
-37241605.39387736
1.00000000
1.00000000
1.00000000
1.00000000
1.00000000
1.00000000
1009452360.22879100
2849066059.56228161
-28312141.08053728
-5271231.21132607
38500575.12177266
